102 1111111
211 111111011
247 111111010
226 111111001
212 111111000
55 111110
56 111101
7 111100
54 111011
58 111010
27 11100
14 1101
245 110011111
5 110011110
187 11001110
218 110011011
233 110011010
183 11001100
100 1100101
225 110010011
242 110010010
210 110010001
223 110010000
53 110001
44 110000
11 1011
24 10101
49 101001
101 1010001
213 101000011
224 101000010
182 10100000
13 1001
45 100011
41 100010
50 100001
57 100000
48 011111
99 0111101
98 0111100
43 011101
52 011100
12 0110
22 01011
51 010101
40 010100
20 01001
186 01000111
246 010001101
219 010001100
181 01000101
179 01000100
46 010000
25 00111
47 001101
253 0011001111
236 0011001110
206 001100110
175 00110010
97 0011000
23 00101
42 001001
176 00100011
178 00100010
177 00100001
173 00100000
214 000111111
205 000111110
171 00011110
96 0001110
93 0001101
95 0001100
37 000101
92 0001001
166 00010001
172 00010000
21 00001
38 000001
91 0000001
90 0000000
85 1111111
165 11111101
180 11111100
94 1111101
84 1111100
39 111101
169 11110011
239 1111001011
3 11110010101
1 111100101001
0 1111001010001
255 1111001010000
207 111100100
86 1111000
9 11101
18 11100
170 11011111
168 11011110
88 1101110
34 110110
87 1101011
158 11010101
162 11010100
89 1101001
83 1101000
81 1100111
164 11001101
163 11001100
36 110010
208 110001111
240 1100011101
232 1100011100
161 11000110
130 11000101
6 11000100
80 1100001
82 1100000
19 10111
174 10110111
131 10110110
194 101101011
241 1011010101
252 1011010100
135 10110100
77 1011001
129 10110001
128 10110000
78 1010111
79 1010110
159 10101011
201 101010101
209 101010100
127 10101001
234 1010100011
235 1010100010
202 101010000
31 101001
33 101000
140 10011111
126 10011110
153 10011101
149 10011100
35 100110
156 10010111
249 1001011011
237 1001011010
204 100101100
157 10010101
141 10010100
134 10010011
122 10010010
136 10010001
133 10010000
155 10001111
139 10001110
132 10001101
125 10001100
167 10001011
137 10001010
197 100010011
248 1000100101
250 1000100100
138 10001000
148 10000111
121 10000110
75 1000010
32 100000
154 01111111
151 01111110
191 011111011
196 011111010
123 01111100
76 0111101
74 0111100
230 0111011111
238 0111011110
200 011101110
144 01110110
150 01110101
251 0111010011
231 0111010010
199 011101000
142 01110011
124 01110010
73 0111000
147 01101111
146 01101110
145 01101101
119 01101100
120 01101011
160 01101010
72 0110100
17 01100
71 0101111
190 010111011
195 010111010
115 01011100
29 010110
70 0101011
69 0101010
28 010100
67 0100111
68 0100110
108 01001011
152 01001010
112 01001001
229 0100100011
243 0100100010
193 010010000
16 01000
30 001111
143 00111011
117 00111010
66 0011100
10 00110
116 00101111
113 00101110
109 00101101
189 001011001
4 00101100011
2 001011000101
254 001011000100
221 0010110000
105 00101011
111 00101010
63 0010100
15 00100
114 00011111
106 00011110
61 0001110
64 0001101
203 000110011
215 0001100101
217 0001100100
107 00011000
26 000101
110 00010011
244 0001001011
220 0001001010
192 000100100
62 0001000
118 00001111
188 000011101
216 0000111001
222 0000111000
60 0000110
59 0000101
103 00001001
184 000010001
185 000010000
8 000001
65 0000001
227 0000000111
228 0000000110
198 000000010
104 00000000
