255 110
124 11111111
130 11111110
123 11111101
238 11111100
64 111110
131 11110111
183 111101101
205 1111011001
199 1111011000
222 11110101
135 11110100
54 111100
144 11101111
120 11101110
122 11101101
206 1110110011
16 1110110010
178 111011000
126 11101011
224 11101010
239 11101001
190 111010001
181 111010000
90 1110011
223 11100101
40 11100100
72 111000
65 110111
236 1101101
89 1101100
24 110101111
180 110101110
125 11010110
227 1101010
49 1101001
184 110100011
200 1101000101
204 1101000100
115 11010000
118 11001111
179 110011101
187 110011100
112 11001101
117 11001100
66 110010
61 110001
71 110000
70 101111
128 10111011
176 101110101
215 101110100
121 10111001
119 10111000
109 10110111
41 10110110
174 101101011
182 101101010
113 10110100
69 101100
114 10101111
111 10101110
32 101011011
5 1010110101111111
1 101011010111111011
0 1010110101111110101
2 1010110101111110100
6 10101101011111100
4 1010110101111101
3 1010110101111100
7 10101101011110
8 1010110101110
246 101011010110
253 10101101010
202 1010110100
108 10101100
68 101010
88 1010011
105 10100101
177 101001001
175 101001000
55 101000
67 100111
110 10011011
106 10011010
50 1001100
18 1001011111
207 1001011110
26 100101110
116 10010110
216 100101011
34 100101010
30 100101001
25 100101000
60 100100
107 10001111
172 100011101
168 100011100
87 1000110
104 10001011
247 100010101111
250 100010101110
10 10001010110
9 100010101011
244 100010101010
252 10001010100
173 100010100
86 1000100
27 100001111
171 100001110
42 10000110
225 10000101
209 1000010011
19 1000010010
164 100001000
59 100000
56 011111
17 0111101111
208 0111101110
33 011110110
103 01111010
197 0111100111
240 0111100110
28 011110010
170 011110001
217 011110000
230 011101
228 0111001
169 011100011
196 0111000101
198 0111000100
166 011100001
167 011100000
83 0110111
101 01101101
245 011011001111
248 011011001110
241 01101100110
210 0110110010
35 011011000
102 01101011
100 01101010
84 0110100
51 0110011
85 0110010
99 01100011
44 01100010
195 0110000111
20 0110000110
165 011000010
97 01100000
82 0101111
237 01011101
43 01011100
58 010110
218 010101111
159 010101110
36 010101101
31 010101100
98 01010101
162 010101001
21 0101010001
249 010101000011
243 010101000010
11 01010100000
231 010100
232 010011
81 0100101
29 010010011
155 010010010
96 01001000
79 0100011
80 0100010
57 010000
157 001111111
161 001111110
163 001111101
219 001111100
95 00111101
38 001111001
213 0011110001
211 0011110000
52 0011101
78 0011100
45 00110111
191 0011011011
194 0011011010
160 001101100
214 0011010111
212 0011010110
220 001101010
226 00110100
149 001100111
151 001100110
46 00110010
153 001100011
154 001100010
242 001100001111
251 001100001110
254 00110000110
189 0011000010
221 001100000
53 0010111
94 00101101
156 001011001
139 001011000
234 001010
92 00100111
47 00100110
76 0010010
93 00100011
150 001000101
37 001000100
148 001000011
192 0010000101
193 0010000100
146 001000001
158 001000000
77 0001111
147 000111011
145 000111010
152 000111001
39 000111000
63 0001101
142 000110011
143 000110010
91 00011000
132 000101111
14 00010111011
12 00010111010
201 00010111001
15 00010111000
141 000101101
136 000101100
74 0001010
233 000100
140 000011111
186 0000111101
188 0000111100
138 000011101
134 000011100
229 0000110
75 0000101
62 0000100
127 000001111
23 0000011101
22 0000011100
133 000001101
203 00000110011
13 00000110010
185 0000011000
73 0000010
129 000000111
137 000000110
48 00000010
235 0000000
