146 11
25 101111
76 101110111
75 101110110
120 1011101011
203 101110101011
254 101110101010
241 10111010100
116 1011101001
169 1011101000
110 1011100
130 1011011111
190 101101111011
216 101101111010
211 101101111001
193 101101111000
19 101101110
28 10110110
44 1011010
167 1011001111
10 10110011101
205 101100111001
218 101100111000
143 1011001101
42 1011001100
158 1011001011
2 101100101011
184 101100101010
175 10110010100
131 1011001001
41 1011001000
93 101100011
107 101100010
71 101100001
62 101100000
26 10101
148 101001111
6 101001110111
221 101001110110
223 101001110101
9 101001110100
235 1010011100
20 101001101
34 1010011001
132 1010011000
43 1010010111
36 1010010110
13 10100101011
219 101001010101
215 101001010100
35 1010010100
55 101001001
50 101001000
114 101000111
21 101000110
163 10100010111
8 101000101101
220 101000101100
144 1010001010
217 101000100111
222 101000100110
165 10100010010
140 1010001000
230 10100001
226 101000001111
212 101000001110
180 101000001101
185 101000001100
37 1010000010
72 101000000
92 100
74 110
145 1111111111
164 11111111101
3 111111111001
5 111111111000
157 1111111101
17 1111111100
108 111111101
94 111111100
33 1111110111
174 11111101101
186 111111011001
182 111111011000
154 111111010
51 111111001
85 1111110001
139 1111110000
56 111110111
22 111110110
162 11111010111
248 1111101011011
209 1111101011010
225 111110101100
84 1111101010
231 111110100
59 11111001
32 1111100011
38 1111100010
240 11111000011
14 11111000010
166 11111000001
181 111110000001
224 111110000000
111 11110111
147 1111011011
83 1111011010
100 111101100
98 1111010
173 11110011111
245 111100111101
183 111100111100
105 1111001110
46 1111001101
66 1111001100
152 11110010
57 111100011
244 111100010111
228 111100010110
161 11110001010
136 1111000100
73 111100001
82 1111000001
133 1111000000
150 11101111
234 1110111011
45 1110111010
149 111011100
86 1110110111
4 111011011011
178 111011011010
229 11101101100
64 1110110101
134 1110110100
115 1110110011
65 1110110010
227 111011000111
7 111011000110
160 11101100010
87 1110110000
151 1110101
168 1110100111
233 1110100110
104 1110100101
232 1110100100
24 11101000
68 1110011111
135 1110011110
113 111001110
95 111001101
138 1110011001
243 111001100011
187 111001100010
1 111001100001
179 111001100000
61 111001011
54 111001010
80 1110010011
137 1110010010
67 1110010001
31 1110010000
239 11100011111
238 11100011110
47 1110001110
18 1110001101
63 1110001100
52 111000101
11 111000100111
253 1110001001101
199 1110001001100
122 11100010010
156 1110001000
96 111000011
81 1110000101
103 1110000100
23 111000001
89 1110000001
192 1110000000111
247 1110000000110
177 111000000010
123 11100000000
58 1101
200 1100111
88 1100110111
106 1100110110
16 11001101011
194 1100110101011
201 1100110101010
242 110011010100
172 11001101001
237 11001101000
29 1100110011
236 11001100101
189 110011001001
251 11001100100011
250 11001100100010
246 1100110010000
102 1100110001
159 11001100001
125 11001100000
196 1100101111111
208 1100101111110
188 110010111110
255 11001011110
90 1100101110
121 11001011011
15 11001011010
128 11001011001
118 11001011000
79 1100101011
48 1100101010
30 1100101001
127 11001010001
207 1100101000011
204 1100101000010
210 1100101000001
191 1100101000000
27 11001001
53 110010001
70 1100100001
119 11001000001
171 11001000000
99 110001111
101 1100011101
126 11000111001
142 11000111000
49 1100011011
77 1100011010
153 110001100
40 1100010
109 110000111
170 11000011011
202 1100001101011
195 1100001101010
198 1100001101001
214 1100001101000
91 1100001100
97 110000101
141 11000010011
117 11000010010
176 110000100011
197 1100001000101
213 1100001000100
129 11000010000
60 110000011
112 110000010
155 1100000011
124 11000000101
252 11000000100111
249 11000000100110
206 1100000010010
12 110000001000
78 1100000001
69 1100000000
0 10
39 0
